 &PARAM
 ne = 32
 tend = 40
 zex = 40
 q1 = 1400
 q2 = 1400
 q3 = 30000
 i1 = 0.00558
 i2 = 0.00558
 th1 = 0
 th2 = 0
 a1 = 1
 a2 = 1
 dtr1 = 0.3
 dtr2 = 0.3
 dcir1 = 0
 dcir2 = 0
 r1 = 0.25
 r2 = 0.25
 f10 = 0.03
 f20 = 0.03
 f30 = 0.03
 dt = 0.002
 dz = 0.01
 pitch = 1.2
 /
